-50	199.875 -10 		 0 0
-48	212.297 -10 		 0 0
-46	223.567 -10 		 0 0
-44	233.731 -10 		 0 0
-42	242.838 -10 		 0 0
-40	250.936 -10 		 0 0
-38	258.073 -10 		 0 0
-36	264.297 -10 		 0 0
-34	269.657 -10 		 0 0
-32	274.199 -10 		 0 0
-30	277.973 -10 		 0 0
-28	281.026 -10 		 0 0
-26	283.406 -10 		 0 0
-24	285.162 -10 		 0 0
-22	286.341 -10 		 0 0
-20	286.992 -10 		 0 0
-18	287.162 -10 		 0 0
-16	286.9 -10 		 0 0
-14	286.253 -10 		 0 0
-12	285.27 -10 		 0 0
-10	283.999 -10 		 0 0
-8	282.487 -10 		 0 0
-6	280.784 -10 		 0 0
-4	278.936 -10 		 0 0
-2	276.992 -10 		 0 0
0	275 -10 		 0 0
2	273.008 -10 		 0 0
4	271.064 -10 		 0 0
6	269.216 -10 		 0 0
8	267.513 -10 		 0 0
10	266.001 -10 		 0 0
12	264.73 -10 		 0 0
14	263.747 -10 		 0 0
16	263.1 -10 		 0 0
18	262.838 -10 		 0 0
20	263.008 -10 		 0 0
22	263.659 -10 		 0 0
24	264.838 -10 		 0 0
26	266.594 -10 		 0 0
28	268.974 -10 		 0 0
30	272.027 -10 		 0 0
32	275.801 -10 		 0 0
34	280.343 -10 		 0 0
36	285.703 -10 		 0 0
38	291.927 -10 		 0 0
40	299.064 -10 		 0 0
42	307.162 -10 		 0 0
44	316.269 -10 		 0 0
46	326.433 -10 		 0 0
48	337.703 -10 		 0 0
