-50	-50 -10 		 0 0
-48	-48 -10 		 0 0
-46	-46 -10 		 0 0
-44	-44 -10 		 0 0
-42	-42 -10 		 0 0
-40	-40 -10 		 0 0
-38	-38 -10 		 0 0
-36	-36 -10 		 0 0
-34	-34 -10 		 0 0
-32	-32 -10 		 0 0
-30	-30 -10 		 0 0
-28	-28 -10 		 0 0
-26	-26 -10 		 0 0
-24	-24 -10 		 0 0
-22	-22 -10 		 0 0
-20	-20 -10 		 0 0
-18	-18 -10 		 0 0
-16	-16 -10 		 0 0
-14	-14 -10 		 0 0
-12	-12 -10 		 0 0
-10	-10 -10 		 0 0
-8	-8 -10 		 0 0
-6	-6 -10 		 0 0
-4	-4 -10 		 0 0
-2	-2 -10 		 0 0
0	0 -10 		 0 0
2	2 -10 		 0 0
4	4 -10 		 0 0
6	6 -10 		 0 0
8	8 -10 		 0 0
10	10 -10 		 0 0
12	12 -10 		 0 0
14	14 -10 		 0 0
16	16 -10 		 0 0
18	18 -10 		 0 0
20	20 -10 		 0 0
22	22 -10 		 0 0
24	24 -10 		 0 0
26	26 -10 		 0 0
28	28 -10 		 0 0
30	30 -10 		 0 0
32	32 -10 		 0 0
34	34 -10 		 0 0
36	36 -10 		 0 0
38	38 -10 		 0 0
40	40 -10 		 0 0
42	42 -10 		 0 0
44	44 -10 		 0 0
46	46 -10 		 0 0
48	48 -10 		 0 0
