-50	552.778-100 		 0 0
-48	531-100 		 0 0
-46	510.111-100 		 0 0
-44	490.111-100 		 0 0
-42	471-100 		 0 0
-40	452.778-100 		 0 0
-38	435.444-100 		 0 0
-36	419-100 		 0 0
-34	403.444-100 		 0 0
-32	388.778-100 		 0 0
-30	375-100 		 0 0
-28	362.111-100 		 0 0
-26	350.111-100 		 0 0
-24	339-100 		 0 0
-22	328.778-100 		 0 0
-20	319.444-100 		 0 0
-18	311-100 		 0 0
-16	303.444-100 		 0 0
-14	296.778-100 		 0 0
-12	291-100 		 0 0
-10	286.111-100 		 0 0
-8	282.111-100 		 0 0
-6	279-100 		 0 0
-4	276.778-100 		 0 0
-2	275.444-100 		 0 0
0	275-100 		 0 0
2	275.444-100 		 0 0
4	276.778-100 		 0 0
6	279-100 		 0 0
8	282.111-100 		 0 0
10	286.111-100 		 0 0
12	291-100 		 0 0
14	296.778-100 		 0 0
16	303.444-100 		 0 0
18	311-100 		 0 0
20	319.444-100 		 0 0
22	328.778-100 		 0 0
24	339-100 		 0 0
26	350.111-100 		 0 0
28	362.111-100 		 0 0
30	375-100 		 0 0
32	388.778-100 		 0 0
34	403.444-100 		 0 0
36	419-100 		 0 0
38	435.444-100 		 0 0
40	452.778-100 		 0 0
42	471-100 		 0 0
44	490.111-100 		 0 0
46	510.111-100 		 0 0
48	531-100 		 0 0
